LABEL

NODETYPES
defaultNodeType||30|30|Ellipse|-1|-16777216|-16777216|2.0|-16777216|-16777216|-1|2.0
polyNode||1|1|Rectangle|-1|-16777216|-16777216|2.0|-16777216|-16777216|-1|2.0
outer||30|30|Ellipse|-1|-16777216|-16777216|2.0|-16777216|-16777216|-1|2.0
outer||30|30|Ellipse|-1|-16777216|-16777216|2.0|-16777216|-16777216|-1|2.0
EDGETYPES
defaultEdgeType||false|-16777216|2.0|-16776961|2.0|-16777216|-16776961|1000
polyEdge||false|-16777216|2.0|-16776961|2.0|-16777216|-16776961|-1
directed||true|-16777216|2.0|-16776961|2.0|-16777216|-16776961|-1
undirected||false|-16777216|2.0|-16776961|2.0|-16777216|-16776961|-1
outer||false|-16777216|2.0|-16776961|2.0|-16777216|-16776961|-1
outer||false|-16777216|2.0|-16776961|2.0|-16777216|-16776961|-1
NODES
0||defaultNodeType|296|146|false|0.0
1|ac|defaultNodeType|243|218|false|0.0
2|bc|defaultNodeType|354|220|false|0.0
EDGES
